10
1000000000 999999999 999999998 999999997 999999996 1 2 3 4 5

15
1 5 3 2 6 3 2 6 4 2 5 7 3 1 5

5
1 2 7 3 2

4
5 5 5 5

1
10


                      0
        0     0       0
  0     0     0     0 0     0
  0     0     0 0   0 0     0
  0 0   0 0   0 0   0 0 0   0
  0 0 0 0 0 0 0 0 0 0 0 0   0
0 0 0 0 0 0 0 0 0 0 0 0 0 0 0

1 5 3 2 6 3 2 6 4 2 5 7 3 1 5
        7

0                         0
0 0   0       0         0 0
0 0 0 0     0 0         0 0
0 0 0 0   0 0 0   0     0 0
0 0 0 0 0 0 0 0 0 0 0 0 0 0 0

5 4 3 4 1 2 3 4 1 2 1 1 4 5 1
      8


