4 4
1 1 0
1 1 1 1
1 0 1 1
1 1 0 1
1 1 1 1

9 7
6 2 1
1 1 1 1 1 1 1
1 0 1 0 1 0 1
1 0 1 0 0 0 1
1 0 1 0 1 0 1
1 0 1 1 1 1 1
1 0 0 0 0 0 1
1 0 0 1 1 0 1
1 0 0 0 0 0 1
1 1 1 1 1 1 1

13


9 7
3 4 2
1 1 1 1 1 1 1
1 0 1 0 1 0 1
1 0 0 0 0 0 1
1 0 0 0 0 0 1
1 0 0 1 1 0 1
1 0 0 0 1 0 1
1 1 0 1 1 1 1
1 0 0 0 0 0 1
1 1 1 1 1 1 1

17


9 7
7 3 0
1 1 1 1 1 1 1
1 0 1 0 1 0 1
1 0 1 0 1 0 1
1 0 0 0 0 0 1
1 0 0 1 0 0 1
1 0 0 1 1 0 1
1 0 0 1 0 0 1
1 0 0 0 0 0 1
1 1 1 1 1 1 1

25


7 7
2 2 2
1 1 1 1 1 1 1
1 0 0 0 0 0 1
1 0 0 1 0 0 1
1 0 0 1 0 0 1
1 0 0 1 0 0 1
1 0 0 0 0 0 1
1 1 1 1 1 1 1

21


5 5
2 1 0
1 1 1 1 1
1 0 1 0 1
1 0 1 0 1
1 0 0 0 1
1 1 1 1 1

 6


5 5
1 2 3
1 1 1 1 1
1 0 0 0 1
1 0 1 0 1
1 0 0 0 1
1 1 1 1 1

8


6 7
2 1 0
1 1 1 1 1 1 1
1 0 0 0 0 0 1
1 0 1 0 1 0 1
1 1 0 1 1 0 1
1 0 0 0 0 0 1
1 1 1 1 1 1 1

15


6 6
2 1 3
1 1 1 1 1 1
1 0 0 0 0 1
1 0 1 1 1 1
1 0 1 1 1 1
1 0 1 1 1 1
1 1 1 1 1 1

7


4 4
2 2 2
1 1 1 1
1 0 1 1
1 1 0 1
1 1 1 1

1

11 10
7 4 0
1 1 1 1 1 1 1 1 1 1
1 0 0 0 0 0 0 0 0 1
1 0 0 0 1 1 1 1 0 1
1 0 0 1 1 0 0 0 0 1
1 0 1 1 0 0 0 0 0 1
1 0 0 0 0 0 0 0 0 1
1 0 0 0 0 0 0 1 0 1
1 0 0 0 0 0 1 1 0 1
1 0 0 0 0 0 1 1 0 1
1 0 0 0 0 0 0 0 0 1
1 1 1 1 1 1 1 1 1 1

3 3
1 1 0
1 1 1
1 0 1
1 1 1